<html>
<head><meta charset="utf-8" /></head>
<body>
    <div>                        <script type="text/javascript">window.PlotlyConfig = {MathJaxConfig: 'local'};</script>
        <script charset="utf-8" src="https://cdn.plot.ly/plotly-2.32.0.min.js"></script>                <div id="7a0b31b2-81ed-453b-a550-742ae411bf75" class="plotly-graph-div" style="height:800px; width:800px;"></div>            <script type="text/javascript">                                    window.PLOTLYENV=window.PLOTLYENV || {};                                    if (document.getElementById("7a0b31b2-81ed-453b-a550-742ae411bf75")) {                    Plotly.newPlot(                        "7a0b31b2-81ed-453b-a550-742ae411bf75",                        [{"coloraxis":"coloraxis","name":"0","x":["0_arrest_tesla_mccauley","1_schools_public_teachers","2_driving_road_drivers","3_greg_abbott_pardon","4_heb_giggling_headline","5_tax_maryland_income","6_abortion_cox_kate","7_pornhub_pastor_verification","8_ted_cruz_colin","9_vote_elections_voter","10_impeachment_attorney_com...","11_marijuana_cannabis_mexico","12_beans_tacos_sausage","13_heat_temperatures_summer","14_moving_california_depart...","15_fascist_party_chaplains","16_grid_ercot_power","17_daughter_states_conserva..."],"y":["0_arrest_tesla_mccauley","1_schools_public_teachers","2_driving_road_drivers","3_greg_abbott_pardon","4_heb_giggling_headline","5_tax_maryland_income","6_abortion_cox_kate","7_pornhub_pastor_verification","8_ted_cruz_colin","9_vote_elections_voter","10_impeachment_attorney_com...","11_marijuana_cannabis_mexico","12_beans_tacos_sausage","13_heat_temperatures_summer","14_moving_california_depart...","15_fascist_party_chaplains","16_grid_ercot_power","17_daughter_states_conserva..."],"z":[[1.0000001192092896,0.454679012298584,0.6009804606437683,0.562466025352478,0.2852700352668762,0.47151267528533936,0.5510197281837463,0.6319543719291687,0.39707326889038086,0.5096456408500671,0.5484728217124939,0.5085451006889343,0.3030250668525696,0.24976246058940887,0.42381227016448975,0.4408825933933258,0.3460792899131775,0.543506383895874],[0.454679012298584,1.0000003576278687,0.45939233899116516,0.47916558384895325,0.2336932271718979,0.5451813340187073,0.3882458508014679,0.5106092095375061,0.4235490560531616,0.5900855660438538,0.44314122200012207,0.4840230643749237,0.23822642862796783,0.2823888659477234,0.46203070878982544,0.5390622019767761,0.42432108521461487,0.5311808586120605],[0.6009804606437683,0.45939233899116516,0.9999998807907104,0.5283591151237488,0.40167513489723206,0.6414076089859009,0.42253315448760986,0.4834400713443756,0.4341973066329956,0.6341778635978699,0.4552845060825348,0.5944728851318359,0.49907171726226807,0.4602987766265869,0.6425197124481201,0.4607946574687958,0.48520809412002563,0.7284220457077026],[0.562466025352478,0.47916558384895325,0.5283591151237488,0.9999997019767761,0.3067711591720581,0.5415294766426086,0.41394588351249695,0.4749351441860199,0.5553832054138184,0.6273507475852966,0.5818749666213989,0.5905249714851379,0.2511810064315796,0.3286457061767578,0.504006564617157,0.5787003636360168,0.46542054414749146,0.5649564862251282],[0.2852700352668762,0.2336932271718979,0.40167513489723206,0.3067711591720581,1.000000238418579,0.25304850935935974,0.19325710833072662,0.29186367988586426,0.29430916905403137,0.34092703461647034,0.2566736340522766,0.19873085618019104,0.38320425152778625,0.3112601339817047,0.22005048394203186,0.3214348256587982,0.11679237335920334,0.22743627429008484],[0.47151267528533936,0.5451813340187073,0.6414076089859009,0.5415294766426086,0.25304850935935974,0.9999998211860657,0.4003986716270447,0.433243989944458,0.4152962565422058,0.6161452531814575,0.46242555975914,0.6103352904319763,0.33121445775032043,0.36029502749443054,0.6239930391311646,0.4700848162174225,0.5401352047920227,0.6852911114692688],[0.5510197281837463,0.3882458508014679,0.42253315448760986,0.41394588351249695,0.19325710833072662,0.4003986716270447,0.9999997019767761,0.5210609436035156,0.4058327078819275,0.4468455910682678,0.4466060996055603,0.47239139676094055,0.15704572200775146,0.2076520025730133,0.4104611873626709,0.46286097168922424,0.3055773675441742,0.5637985467910767],[0.6319543719291687,0.5106092095375061,0.4834400713443756,0.4749351441860199,0.29186367988586426,0.433243989944458,0.5210609436035156,1.0000004768371582,0.3797365725040436,0.45711761713027954,0.523152768611908,0.4761159420013428,0.27647215127944946,0.18336012959480286,0.3098950684070587,0.4576100707054138,0.3277301788330078,0.5247976779937744],[0.39707326889038086,0.4235490560531616,0.4341973066329956,0.5553832054138184,0.29430916905403137,0.4152962565422058,0.4058327078819275,0.3797365725040436,0.9999998211860657,0.6615503430366516,0.470905065536499,0.4365667402744293,0.2724458575248718,0.2808973491191864,0.3956458568572998,0.5246791839599609,0.33487704396247864,0.4635156989097595],[0.5096456408500671,0.5900855660438538,0.6341778635978699,0.6273507475852966,0.34092703461647034,0.6161452531814575,0.4468455910682678,0.45711761713027954,0.6615503430366516,0.9999998211860657,0.6065479516983032,0.5782749056816101,0.2936042249202728,0.38803672790527344,0.6578356623649597,0.7060444951057434,0.5049619078636169,0.7040162086486816],[0.5484728217124939,0.44314122200012207,0.4552845060825348,0.5818749666213989,0.2566736340522766,0.46242555975914,0.4466060996055603,0.523152768611908,0.470905065536499,0.6065479516983032,1.0000003576278687,0.4904024004936218,0.18526767194271088,0.22310538589954376,0.3847227394580841,0.46744486689567566,0.3879735469818115,0.49164924025535583],[0.5085451006889343,0.4840230643749237,0.5944728851318359,0.5905249714851379,0.19873085618019104,0.6103352904319763,0.47239139676094055,0.4761159420013428,0.4365667402744293,0.5782749056816101,0.4904024004936218,1.0,0.3009929358959198,0.2508601248264313,0.48067954182624817,0.4834124445915222,0.4335211217403412,0.6038388013839722],[0.3030250668525696,0.23822642862796783,0.49907171726226807,0.2511810064315796,0.38320425152778625,0.33121445775032043,0.15704572200775146,0.27647215127944946,0.2724458575248718,0.2936042249202728,0.18526767194271088,0.3009929358959198,1.0000001192092896,0.24047046899795532,0.2589001953601837,0.2979879081249237,0.2003554105758667,0.3385530710220337],[0.24976246058940887,0.2823888659477234,0.4602987766265869,0.3286457061767578,0.3112601339817047,0.36029502749443054,0.2076520025730133,0.18336012959480286,0.2808973491191864,0.38803672790527344,0.22310538589954376,0.2508601248264313,0.24047046899795532,1.0,0.47084230184555054,0.2757623493671417,0.4774875342845917,0.39636558294296265],[0.42381227016448975,0.46203070878982544,0.6425197124481201,0.504006564617157,0.22005048394203186,0.6239930391311646,0.4104611873626709,0.3098950684070587,0.3956458568572998,0.6578356623649597,0.3847227394580841,0.48067954182624817,0.2589001953601837,0.47084230184555054,1.000000238418579,0.5062074661254883,0.4532618522644043,0.7319238185882568],[0.4408825933933258,0.5390622019767761,0.4607946574687958,0.5787003636360168,0.3214348256587982,0.4700848162174225,0.46286097168922424,0.4576100707054138,0.5246791839599609,0.7060444951057434,0.46744486689567566,0.4834124445915222,0.2979879081249237,0.2757623493671417,0.5062074661254883,0.9999999403953552,0.4196469485759735,0.5820101499557495],[0.3460792899131775,0.42432108521461487,0.48520809412002563,0.46542054414749146,0.11679237335920334,0.5401352047920227,0.3055773675441742,0.3277301788330078,0.33487704396247864,0.5049619078636169,0.3879735469818115,0.4335211217403412,0.2003554105758667,0.4774875342845917,0.4532618522644043,0.4196469485759735,1.0000001192092896,0.45705345273017883],[0.543506383895874,0.5311808586120605,0.7284220457077026,0.5649564862251282,0.22743627429008484,0.6852911114692688,0.5637985467910767,0.5247976779937744,0.4635156989097595,0.7040162086486816,0.49164924025535583,0.6038388013839722,0.3385530710220337,0.39636558294296265,0.7319238185882568,0.5820101499557495,0.45705345273017883,1.0000001192092896]],"type":"heatmap","xaxis":"x","yaxis":"y","hovertemplate":"x: %{x}\u003cbr\u003ey: %{y}\u003cbr\u003eSimilarity Score: %{z}\u003cextra\u003e\u003c\u002fextra\u003e"}],                        {"template":{"data":{"histogram2dcontour":[{"type":"histogram2dcontour","colorbar":{"outlinewidth":0,"ticks":""},"colorscale":[[0.0,"#0d0887"],[0.1111111111111111,"#46039f"],[0.2222222222222222,"#7201a8"],[0.3333333333333333,"#9c179e"],[0.4444444444444444,"#bd3786"],[0.5555555555555556,"#d8576b"],[0.6666666666666666,"#ed7953"],[0.7777777777777778,"#fb9f3a"],[0.8888888888888888,"#fdca26"],[1.0,"#f0f921"]]}],"choropleth":[{"type":"choropleth","colorbar":{"outlinewidth":0,"ticks":""}}],"histogram2d":[{"type":"histogram2d","colorbar":{"outlinewidth":0,"ticks":""},"colorscale":[[0.0,"#0d0887"],[0.1111111111111111,"#46039f"],[0.2222222222222222,"#7201a8"],[0.3333333333333333,"#9c179e"],[0.4444444444444444,"#bd3786"],[0.5555555555555556,"#d8576b"],[0.6666666666666666,"#ed7953"],[0.7777777777777778,"#fb9f3a"],[0.8888888888888888,"#fdca26"],[1.0,"#f0f921"]]}],"heatmap":[{"type":"heatmap","colorbar":{"outlinewidth":0,"ticks":""},"colorscale":[[0.0,"#0d0887"],[0.1111111111111111,"#46039f"],[0.2222222222222222,"#7201a8"],[0.3333333333333333,"#9c179e"],[0.4444444444444444,"#bd3786"],[0.5555555555555556,"#d8576b"],[0.6666666666666666,"#ed7953"],[0.7777777777777778,"#fb9f3a"],[0.8888888888888888,"#fdca26"],[1.0,"#f0f921"]]}],"heatmapgl":[{"type":"heatmapgl","colorbar":{"outlinewidth":0,"ticks":""},"colorscale":[[0.0,"#0d0887"],[0.1111111111111111,"#46039f"],[0.2222222222222222,"#7201a8"],[0.3333333333333333,"#9c179e"],[0.4444444444444444,"#bd3786"],[0.5555555555555556,"#d8576b"],[0.6666666666666666,"#ed7953"],[0.7777777777777778,"#fb9f3a"],[0.8888888888888888,"#fdca26"],[1.0,"#f0f921"]]}],"contourcarpet":[{"type":"contourcarpet","colorbar":{"outlinewidth":0,"ticks":""}}],"contour":[{"type":"contour","colorbar":{"outlinewidth":0,"ticks":""},"colorscale":[[0.0,"#0d0887"],[0.1111111111111111,"#46039f"],[0.2222222222222222,"#7201a8"],[0.3333333333333333,"#9c179e"],[0.4444444444444444,"#bd3786"],[0.5555555555555556,"#d8576b"],[0.6666666666666666,"#ed7953"],[0.7777777777777778,"#fb9f3a"],[0.8888888888888888,"#fdca26"],[1.0,"#f0f921"]]}],"surface":[{"type":"surface","colorbar":{"outlinewidth":0,"ticks":""},"colorscale":[[0.0,"#0d0887"],[0.1111111111111111,"#46039f"],[0.2222222222222222,"#7201a8"],[0.3333333333333333,"#9c179e"],[0.4444444444444444,"#bd3786"],[0.5555555555555556,"#d8576b"],[0.6666666666666666,"#ed7953"],[0.7777777777777778,"#fb9f3a"],[0.8888888888888888,"#fdca26"],[1.0,"#f0f921"]]}],"mesh3d":[{"type":"mesh3d","colorbar":{"outlinewidth":0,"ticks":""}}],"scatter":[{"fillpattern":{"fillmode":"overlay","size":10,"solidity":0.2},"type":"scatter"}],"parcoords":[{"type":"parcoords","line":{"colorbar":{"outlinewidth":0,"ticks":""}}}],"scatterpolargl":[{"type":"scatterpolargl","marker":{"colorbar":{"outlinewidth":0,"ticks":""}}}],"bar":[{"error_x":{"color":"#2a3f5f"},"error_y":{"color":"#2a3f5f"},"marker":{"line":{"color":"#E5ECF6","width":0.5},"pattern":{"fillmode":"overlay","size":10,"solidity":0.2}},"type":"bar"}],"scattergeo":[{"type":"scattergeo","marker":{"colorbar":{"outlinewidth":0,"ticks":""}}}],"scatterpolar":[{"type":"scatterpolar","marker":{"colorbar":{"outlinewidth":0,"ticks":""}}}],"histogram":[{"marker":{"pattern":{"fillmode":"overlay","size":10,"solidity":0.2}},"type":"histogram"}],"scattergl":[{"type":"scattergl","marker":{"colorbar":{"outlinewidth":0,"ticks":""}}}],"scatter3d":[{"type":"scatter3d","line":{"colorbar":{"outlinewidth":0,"ticks":""}},"marker":{"colorbar":{"outlinewidth":0,"ticks":""}}}],"scattermapbox":[{"type":"scattermapbox","marker":{"colorbar":{"outlinewidth":0,"ticks":""}}}],"scatterternary":[{"type":"scatterternary","marker":{"colorbar":{"outlinewidth":0,"ticks":""}}}],"scattercarpet":[{"type":"scattercarpet","marker":{"colorbar":{"outlinewidth":0,"ticks":""}}}],"carpet":[{"aaxis":{"endlinecolor":"#2a3f5f","gridcolor":"white","linecolor":"white","minorgridcolor":"white","startlinecolor":"#2a3f5f"},"baxis":{"endlinecolor":"#2a3f5f","gridcolor":"white","linecolor":"white","minorgridcolor":"white","startlinecolor":"#2a3f5f"},"type":"carpet"}],"table":[{"cells":{"fill":{"color":"#EBF0F8"},"line":{"color":"white"}},"header":{"fill":{"color":"#C8D4E3"},"line":{"color":"white"}},"type":"table"}],"barpolar":[{"marker":{"line":{"color":"#E5ECF6","width":0.5},"pattern":{"fillmode":"overlay","size":10,"solidity":0.2}},"type":"barpolar"}],"pie":[{"automargin":true,"type":"pie"}]},"layout":{"autotypenumbers":"strict","colorway":["#636efa","#EF553B","#00cc96","#ab63fa","#FFA15A","#19d3f3","#FF6692","#B6E880","#FF97FF","#FECB52"],"font":{"color":"#2a3f5f"},"hovermode":"closest","hoverlabel":{"align":"left"},"paper_bgcolor":"white","plot_bgcolor":"#E5ECF6","polar":{"bgcolor":"#E5ECF6","angularaxis":{"gridcolor":"white","linecolor":"white","ticks":""},"radialaxis":{"gridcolor":"white","linecolor":"white","ticks":""}},"ternary":{"bgcolor":"#E5ECF6","aaxis":{"gridcolor":"white","linecolor":"white","ticks":""},"baxis":{"gridcolor":"white","linecolor":"white","ticks":""},"caxis":{"gridcolor":"white","linecolor":"white","ticks":""}},"coloraxis":{"colorbar":{"outlinewidth":0,"ticks":""}},"colorscale":{"sequential":[[0.0,"#0d0887"],[0.1111111111111111,"#46039f"],[0.2222222222222222,"#7201a8"],[0.3333333333333333,"#9c179e"],[0.4444444444444444,"#bd3786"],[0.5555555555555556,"#d8576b"],[0.6666666666666666,"#ed7953"],[0.7777777777777778,"#fb9f3a"],[0.8888888888888888,"#fdca26"],[1.0,"#f0f921"]],"sequentialminus":[[0.0,"#0d0887"],[0.1111111111111111,"#46039f"],[0.2222222222222222,"#7201a8"],[0.3333333333333333,"#9c179e"],[0.4444444444444444,"#bd3786"],[0.5555555555555556,"#d8576b"],[0.6666666666666666,"#ed7953"],[0.7777777777777778,"#fb9f3a"],[0.8888888888888888,"#fdca26"],[1.0,"#f0f921"]],"diverging":[[0,"#8e0152"],[0.1,"#c51b7d"],[0.2,"#de77ae"],[0.3,"#f1b6da"],[0.4,"#fde0ef"],[0.5,"#f7f7f7"],[0.6,"#e6f5d0"],[0.7,"#b8e186"],[0.8,"#7fbc41"],[0.9,"#4d9221"],[1,"#276419"]]},"xaxis":{"gridcolor":"white","linecolor":"white","ticks":"","title":{"standoff":15},"zerolinecolor":"white","automargin":true,"zerolinewidth":2},"yaxis":{"gridcolor":"white","linecolor":"white","ticks":"","title":{"standoff":15},"zerolinecolor":"white","automargin":true,"zerolinewidth":2},"scene":{"xaxis":{"backgroundcolor":"#E5ECF6","gridcolor":"white","linecolor":"white","showbackground":true,"ticks":"","zerolinecolor":"white","gridwidth":2},"yaxis":{"backgroundcolor":"#E5ECF6","gridcolor":"white","linecolor":"white","showbackground":true,"ticks":"","zerolinecolor":"white","gridwidth":2},"zaxis":{"backgroundcolor":"#E5ECF6","gridcolor":"white","linecolor":"white","showbackground":true,"ticks":"","zerolinecolor":"white","gridwidth":2}},"shapedefaults":{"line":{"color":"#2a3f5f"}},"annotationdefaults":{"arrowcolor":"#2a3f5f","arrowhead":0,"arrowwidth":1},"geo":{"bgcolor":"white","landcolor":"#E5ECF6","subunitcolor":"white","showland":true,"showlakes":true,"lakecolor":"white"},"title":{"x":0.05},"mapbox":{"style":"light"}}},"xaxis":{"anchor":"y","domain":[0.0,1.0],"scaleanchor":"y","constrain":"domain"},"yaxis":{"anchor":"x","domain":[0.0,1.0],"autorange":"reversed","constrain":"domain"},"coloraxis":{"colorbar":{"title":{"text":"Similarity Score"}},"colorscale":[[0.0,"rgb(247,252,240)"],[0.125,"rgb(224,243,219)"],[0.25,"rgb(204,235,197)"],[0.375,"rgb(168,221,181)"],[0.5,"rgb(123,204,196)"],[0.625,"rgb(78,179,211)"],[0.75,"rgb(43,140,190)"],[0.875,"rgb(8,104,172)"],[1.0,"rgb(8,64,129)"]]},"margin":{"t":60},"title":{"font":{"size":22,"color":"Black"},"text":"\u003cb\u003eSimilarity Matrix\u003c\u002fb\u003e","y":0.95,"x":0.55,"xanchor":"center","yanchor":"top"},"hoverlabel":{"font":{"size":16,"family":"Rockwell"},"bgcolor":"white"},"width":800,"height":800,"showlegend":true,"legend":{"title":{"text":"Trend"}}},                        {"responsive": true}                    )                };                            </script>        </div>
</body>
</html>