<html>
<head><meta charset="utf-8" /></head>
<body>
    <div>                        <script type="text/javascript">window.PlotlyConfig = {MathJaxConfig: 'local'};</script>
        <script charset="utf-8" src="https://cdn.plot.ly/plotly-2.32.0.min.js"></script>                <div id="c6d2a9f9-0673-41c5-a6b0-ece3ddc7e094" class="plotly-graph-div" style="height:800px; width:800px;"></div>            <script type="text/javascript">                                    window.PLOTLYENV=window.PLOTLYENV || {};                                    if (document.getElementById("c6d2a9f9-0673-41c5-a6b0-ece3ddc7e094")) {                    Plotly.newPlot(                        "c6d2a9f9-0673-41c5-a6b0-ece3ddc7e094",                        [{"coloraxis":"coloraxis","name":"0","x":["0_live_lived_beach","1_ron_desantis_campaign","2_motorist_puppy_tree","3_insurance_premiums_homeow...","4_schools_teacher_bible","5_disney_district_takeover","6_abortion_ballot_marijuana","7_data_covid_measles","8_heat_lawmakers_ban","9_publix_mart_store","10_flights_security_secret","11_moderate_gop_gaetz","12_energy_efficiency_electric"],"y":["0_live_lived_beach","1_ron_desantis_campaign","2_motorist_puppy_tree","3_insurance_premiums_homeow...","4_schools_teacher_bible","5_disney_district_takeover","6_abortion_ballot_marijuana","7_data_covid_measles","8_heat_lawmakers_ban","9_publix_mart_store","10_flights_security_secret","11_moderate_gop_gaetz","12_energy_efficiency_electric"],"z":[[0.9999996423721313,0.40786752104759216,0.3468239903450012,0.6530044674873352,0.5514522790908813,0.4155491590499878,0.48327845335006714,0.5361652374267578,0.5866895914077759,0.21009619534015656,0.3356332778930664,0.5861464738845825,0.4577229619026184],[0.40786752104759216,0.9999998807907104,0.269076943397522,0.5298126339912415,0.43097183108329773,0.6283081769943237,0.4334046542644501,0.4906955659389496,0.3754780888557434,0.07438375055789948,0.6395811438560486,0.47494062781333923,0.515129804611206],[0.3468239903450012,0.269076943397522,0.9999997019767761,0.1545329988002777,0.20111681520938873,0.21013715863227844,0.15595600008964539,0.18969608843326569,0.10019435733556747,0.2856425344944,0.1709270179271698,0.28063705563545227,0.18238592147827148],[0.6530044674873352,0.5298126339912415,0.1545329988002777,0.9999999403953552,0.4478725790977478,0.5082741975784302,0.488712877035141,0.5710750818252563,0.5987354516983032,0.1702960580587387,0.4464550018310547,0.5367588400840759,0.6241253614425659],[0.5514522790908813,0.43097183108329773,0.20111681520938873,0.4478725790977478,0.9999999403953552,0.47662073373794556,0.595963180065155,0.4872930943965912,0.6525099873542786,0.10029623657464981,0.26615673303604126,0.4474489390850067,0.3527747094631195],[0.4155491590499878,0.6283081769943237,0.21013715863227844,0.5082741975784302,0.47662073373794556,1.0,0.3254925608634949,0.3869189918041229,0.4565383791923523,0.0941467210650444,0.5290766954421997,0.31436842679977417,0.4792909026145935],[0.48327845335006714,0.4334046542644501,0.15595600008964539,0.488712877035141,0.595963180065155,0.3254925608634949,1.000000238418579,0.4477325677871704,0.6774415969848633,0.07568949460983276,0.24682340025901794,0.5139766931533813,0.3776097297668457],[0.5361652374267578,0.4906955659389496,0.18969608843326569,0.5710750818252563,0.4872930943965912,0.3869189918041229,0.4477325677871704,1.0000001192092896,0.4620470106601715,0.08062317222356796,0.41278398036956787,0.38414111733436584,0.3631369471549988],[0.5866895914077759,0.3754780888557434,0.10019435733556747,0.5987354516983032,0.6525099873542786,0.4565383791923523,0.6774415969848633,0.4620470106601715,0.9999999403953552,-0.0027356725186109543,0.29582059383392334,0.48063012957572937,0.5248045325279236],[0.21009619534015656,0.07438375055789948,0.2856425344944,0.1702960580587387,0.10029623657464981,0.0941467210650444,0.07568949460983276,0.08062317222356796,-0.0027356725186109543,0.9999999403953552,0.21910269558429718,0.09746229648590088,0.1628897339105606],[0.3356332778930664,0.6395811438560486,0.1709270179271698,0.4464550018310547,0.26615673303604126,0.5290766954421997,0.24682340025901794,0.41278398036956787,0.29582059383392334,0.21910269558429718,0.9999996423721313,0.18834732472896576,0.45081356167793274],[0.5861464738845825,0.47494062781333923,0.28063705563545227,0.5367588400840759,0.4474489390850067,0.31436842679977417,0.5139766931533813,0.38414111733436584,0.48063012957572937,0.09746229648590088,0.18834732472896576,0.9999998211860657,0.4099215269088745],[0.4577229619026184,0.515129804611206,0.18238592147827148,0.6241253614425659,0.3527747094631195,0.4792909026145935,0.3776097297668457,0.3631369471549988,0.5248045325279236,0.1628897339105606,0.45081356167793274,0.4099215269088745,1.0000001192092896]],"type":"heatmap","xaxis":"x","yaxis":"y","hovertemplate":"x: %{x}\u003cbr\u003ey: %{y}\u003cbr\u003eSimilarity Score: %{z}\u003cextra\u003e\u003c\u002fextra\u003e"}],                        {"template":{"data":{"histogram2dcontour":[{"type":"histogram2dcontour","colorbar":{"outlinewidth":0,"ticks":""},"colorscale":[[0.0,"#0d0887"],[0.1111111111111111,"#46039f"],[0.2222222222222222,"#7201a8"],[0.3333333333333333,"#9c179e"],[0.4444444444444444,"#bd3786"],[0.5555555555555556,"#d8576b"],[0.6666666666666666,"#ed7953"],[0.7777777777777778,"#fb9f3a"],[0.8888888888888888,"#fdca26"],[1.0,"#f0f921"]]}],"choropleth":[{"type":"choropleth","colorbar":{"outlinewidth":0,"ticks":""}}],"histogram2d":[{"type":"histogram2d","colorbar":{"outlinewidth":0,"ticks":""},"colorscale":[[0.0,"#0d0887"],[0.1111111111111111,"#46039f"],[0.2222222222222222,"#7201a8"],[0.3333333333333333,"#9c179e"],[0.4444444444444444,"#bd3786"],[0.5555555555555556,"#d8576b"],[0.6666666666666666,"#ed7953"],[0.7777777777777778,"#fb9f3a"],[0.8888888888888888,"#fdca26"],[1.0,"#f0f921"]]}],"heatmap":[{"type":"heatmap","colorbar":{"outlinewidth":0,"ticks":""},"colorscale":[[0.0,"#0d0887"],[0.1111111111111111,"#46039f"],[0.2222222222222222,"#7201a8"],[0.3333333333333333,"#9c179e"],[0.4444444444444444,"#bd3786"],[0.5555555555555556,"#d8576b"],[0.6666666666666666,"#ed7953"],[0.7777777777777778,"#fb9f3a"],[0.8888888888888888,"#fdca26"],[1.0,"#f0f921"]]}],"heatmapgl":[{"type":"heatmapgl","colorbar":{"outlinewidth":0,"ticks":""},"colorscale":[[0.0,"#0d0887"],[0.1111111111111111,"#46039f"],[0.2222222222222222,"#7201a8"],[0.3333333333333333,"#9c179e"],[0.4444444444444444,"#bd3786"],[0.5555555555555556,"#d8576b"],[0.6666666666666666,"#ed7953"],[0.7777777777777778,"#fb9f3a"],[0.8888888888888888,"#fdca26"],[1.0,"#f0f921"]]}],"contourcarpet":[{"type":"contourcarpet","colorbar":{"outlinewidth":0,"ticks":""}}],"contour":[{"type":"contour","colorbar":{"outlinewidth":0,"ticks":""},"colorscale":[[0.0,"#0d0887"],[0.1111111111111111,"#46039f"],[0.2222222222222222,"#7201a8"],[0.3333333333333333,"#9c179e"],[0.4444444444444444,"#bd3786"],[0.5555555555555556,"#d8576b"],[0.6666666666666666,"#ed7953"],[0.7777777777777778,"#fb9f3a"],[0.8888888888888888,"#fdca26"],[1.0,"#f0f921"]]}],"surface":[{"type":"surface","colorbar":{"outlinewidth":0,"ticks":""},"colorscale":[[0.0,"#0d0887"],[0.1111111111111111,"#46039f"],[0.2222222222222222,"#7201a8"],[0.3333333333333333,"#9c179e"],[0.4444444444444444,"#bd3786"],[0.5555555555555556,"#d8576b"],[0.6666666666666666,"#ed7953"],[0.7777777777777778,"#fb9f3a"],[0.8888888888888888,"#fdca26"],[1.0,"#f0f921"]]}],"mesh3d":[{"type":"mesh3d","colorbar":{"outlinewidth":0,"ticks":""}}],"scatter":[{"fillpattern":{"fillmode":"overlay","size":10,"solidity":0.2},"type":"scatter"}],"parcoords":[{"type":"parcoords","line":{"colorbar":{"outlinewidth":0,"ticks":""}}}],"scatterpolargl":[{"type":"scatterpolargl","marker":{"colorbar":{"outlinewidth":0,"ticks":""}}}],"bar":[{"error_x":{"color":"#2a3f5f"},"error_y":{"color":"#2a3f5f"},"marker":{"line":{"color":"#E5ECF6","width":0.5},"pattern":{"fillmode":"overlay","size":10,"solidity":0.2}},"type":"bar"}],"scattergeo":[{"type":"scattergeo","marker":{"colorbar":{"outlinewidth":0,"ticks":""}}}],"scatterpolar":[{"type":"scatterpolar","marker":{"colorbar":{"outlinewidth":0,"ticks":""}}}],"histogram":[{"marker":{"pattern":{"fillmode":"overlay","size":10,"solidity":0.2}},"type":"histogram"}],"scattergl":[{"type":"scattergl","marker":{"colorbar":{"outlinewidth":0,"ticks":""}}}],"scatter3d":[{"type":"scatter3d","line":{"colorbar":{"outlinewidth":0,"ticks":""}},"marker":{"colorbar":{"outlinewidth":0,"ticks":""}}}],"scattermapbox":[{"type":"scattermapbox","marker":{"colorbar":{"outlinewidth":0,"ticks":""}}}],"scatterternary":[{"type":"scatterternary","marker":{"colorbar":{"outlinewidth":0,"ticks":""}}}],"scattercarpet":[{"type":"scattercarpet","marker":{"colorbar":{"outlinewidth":0,"ticks":""}}}],"carpet":[{"aaxis":{"endlinecolor":"#2a3f5f","gridcolor":"white","linecolor":"white","minorgridcolor":"white","startlinecolor":"#2a3f5f"},"baxis":{"endlinecolor":"#2a3f5f","gridcolor":"white","linecolor":"white","minorgridcolor":"white","startlinecolor":"#2a3f5f"},"type":"carpet"}],"table":[{"cells":{"fill":{"color":"#EBF0F8"},"line":{"color":"white"}},"header":{"fill":{"color":"#C8D4E3"},"line":{"color":"white"}},"type":"table"}],"barpolar":[{"marker":{"line":{"color":"#E5ECF6","width":0.5},"pattern":{"fillmode":"overlay","size":10,"solidity":0.2}},"type":"barpolar"}],"pie":[{"automargin":true,"type":"pie"}]},"layout":{"autotypenumbers":"strict","colorway":["#636efa","#EF553B","#00cc96","#ab63fa","#FFA15A","#19d3f3","#FF6692","#B6E880","#FF97FF","#FECB52"],"font":{"color":"#2a3f5f"},"hovermode":"closest","hoverlabel":{"align":"left"},"paper_bgcolor":"white","plot_bgcolor":"#E5ECF6","polar":{"bgcolor":"#E5ECF6","angularaxis":{"gridcolor":"white","linecolor":"white","ticks":""},"radialaxis":{"gridcolor":"white","linecolor":"white","ticks":""}},"ternary":{"bgcolor":"#E5ECF6","aaxis":{"gridcolor":"white","linecolor":"white","ticks":""},"baxis":{"gridcolor":"white","linecolor":"white","ticks":""},"caxis":{"gridcolor":"white","linecolor":"white","ticks":""}},"coloraxis":{"colorbar":{"outlinewidth":0,"ticks":""}},"colorscale":{"sequential":[[0.0,"#0d0887"],[0.1111111111111111,"#46039f"],[0.2222222222222222,"#7201a8"],[0.3333333333333333,"#9c179e"],[0.4444444444444444,"#bd3786"],[0.5555555555555556,"#d8576b"],[0.6666666666666666,"#ed7953"],[0.7777777777777778,"#fb9f3a"],[0.8888888888888888,"#fdca26"],[1.0,"#f0f921"]],"sequentialminus":[[0.0,"#0d0887"],[0.1111111111111111,"#46039f"],[0.2222222222222222,"#7201a8"],[0.3333333333333333,"#9c179e"],[0.4444444444444444,"#bd3786"],[0.5555555555555556,"#d8576b"],[0.6666666666666666,"#ed7953"],[0.7777777777777778,"#fb9f3a"],[0.8888888888888888,"#fdca26"],[1.0,"#f0f921"]],"diverging":[[0,"#8e0152"],[0.1,"#c51b7d"],[0.2,"#de77ae"],[0.3,"#f1b6da"],[0.4,"#fde0ef"],[0.5,"#f7f7f7"],[0.6,"#e6f5d0"],[0.7,"#b8e186"],[0.8,"#7fbc41"],[0.9,"#4d9221"],[1,"#276419"]]},"xaxis":{"gridcolor":"white","linecolor":"white","ticks":"","title":{"standoff":15},"zerolinecolor":"white","automargin":true,"zerolinewidth":2},"yaxis":{"gridcolor":"white","linecolor":"white","ticks":"","title":{"standoff":15},"zerolinecolor":"white","automargin":true,"zerolinewidth":2},"scene":{"xaxis":{"backgroundcolor":"#E5ECF6","gridcolor":"white","linecolor":"white","showbackground":true,"ticks":"","zerolinecolor":"white","gridwidth":2},"yaxis":{"backgroundcolor":"#E5ECF6","gridcolor":"white","linecolor":"white","showbackground":true,"ticks":"","zerolinecolor":"white","gridwidth":2},"zaxis":{"backgroundcolor":"#E5ECF6","gridcolor":"white","linecolor":"white","showbackground":true,"ticks":"","zerolinecolor":"white","gridwidth":2}},"shapedefaults":{"line":{"color":"#2a3f5f"}},"annotationdefaults":{"arrowcolor":"#2a3f5f","arrowhead":0,"arrowwidth":1},"geo":{"bgcolor":"white","landcolor":"#E5ECF6","subunitcolor":"white","showland":true,"showlakes":true,"lakecolor":"white"},"title":{"x":0.05},"mapbox":{"style":"light"}}},"xaxis":{"anchor":"y","domain":[0.0,1.0],"scaleanchor":"y","constrain":"domain"},"yaxis":{"anchor":"x","domain":[0.0,1.0],"autorange":"reversed","constrain":"domain"},"coloraxis":{"colorbar":{"title":{"text":"Similarity Score"}},"colorscale":[[0.0,"rgb(247,252,240)"],[0.125,"rgb(224,243,219)"],[0.25,"rgb(204,235,197)"],[0.375,"rgb(168,221,181)"],[0.5,"rgb(123,204,196)"],[0.625,"rgb(78,179,211)"],[0.75,"rgb(43,140,190)"],[0.875,"rgb(8,104,172)"],[1.0,"rgb(8,64,129)"]]},"margin":{"t":60},"title":{"font":{"size":22,"color":"Black"},"text":"\u003cb\u003eSimilarity Matrix\u003c\u002fb\u003e","y":0.95,"x":0.55,"xanchor":"center","yanchor":"top"},"hoverlabel":{"font":{"size":16,"family":"Rockwell"},"bgcolor":"white"},"width":800,"height":800,"showlegend":true,"legend":{"title":{"text":"Trend"}}},                        {"responsive": true}                    )                };                            </script>        </div>
</body>
</html>